1 80 3 7 800307 -0.02 -109.46 -6.8 0.7 . 26.14 26.24
2 80 3 8 800308 -0.02 -109.46 -4.9 1.1 . 25.66 25.97
3 80 3 9 800309 -0.02 -109.46 -4.5 2.2 . 25.69 25.28
4 80 3 10 800310 -0.02 -109.46 -3.8 1.9 . 25.57 24.31
5 80 3 11 800311 -0.02 -109.46 -4.2 1.5 . 25.3 23.19
6 80 3 12 800312 -0.02 -109.46 -4.4 0.3 . 24.72 23.64
7 80 3 13 800313 -0.02 -109.46 -3.2 0.1 . 24.66 24.34
8 80 3 14 800314 -0.02 -109.46 -3.1 0.6 . 25.17 24.14
9 80 3 15 800315 -0.02 -109.46 -3 1 . 25.59 24.24
10 80 3 16 800316 -0.02 -109.46 -1.2 1 . 26.71 25.94
11 80 3 17 800317 -0.02 -109.46 -0.1 0.7 . 27.28 26.65
12 80 3 18 800318 -0.02 -109.46 -1.2 2.3 . 26.86 27.13
13 80 3 19 800319 -0.02 -109.46 -4.1 -0.3 . 26.38 26.35
14 80 3 20 800320 -0.02 -109.46 -4.8 -0.8 . 26.19 25.87
15 80 3 21 800321 -0.02 -109.46 -5.2 2 . 26.08 25.38
16 80 3 22 800322 -0.02 -109.46 -2.7 2.7 . 26.24 .
17 80 3 23 800323 -0.02 -109.46 -4.4 1.1 . 26.05 .
18 80 3 24 800324 -0.02 -109.46 -4.3 0.7 . 25.67 .
19 80 3 25 800325 -0.02 -109.46 -3.8 0.5 . 25.39 .
20 80 3 26 800326 -0.02 -109.46 -3 0.2 . 25.17 .
21 80 3 27 800327 -0.02 -109.46 -3.2 -0.2 . 25.25 .
22 80 3 28 800328 -0.02 -109.46 -1.9 0.7 . 25.35 .
23 80 3 29 800329 -0.02 -109.46 -0.8 0.3 . 26.13 .
24 80 8 11 800811 0 -109.56 -3.3 1.5 . 21.48 21.81
25 80 8 12 800812 0 -109.56 -3.5 0.8 . 21.27 21.58
26 80 8 13 800813 0 -109.56 -4.9 1.9 . 21.11 21.32
27 80 8 14 800814 0 -109.56 -1.2 2.1 . 20.95 21.19
28 80 8 15 800815 0 -109.56 -1.2 2.7 . 21.76 21.47
29 80 8 16 800816 0 -109.56 -1.9 2.7 . 22.11 21.89
30 80 8 17 800817 0 -109.56 -4.2 0.7 . 21.69 21.85
31 80 8 18 800818 0 -109.56 -4.3 0.6 . 21.58 21.74
32 80 8 19 800819 0 -109.56 -5.1 1.4 . 21.45 21.7
33 80 8 20 800820 0 -109.56 -3.5 2.1 . 21.48 21.75
34 80 8 21 800821 0 -109.56 -4.9 2 . 21.61 21.7
35 80 8 22 800822 0 -109.56 -4.3 2.5 . 21.88 22.07
36 80 8 23 800823 0 -109.56 -7.2 3.7 . 22.07 22.32
37 80 8 24 800824 0 -109.56 -6.8 2.8 . 21.69 21.91
38 80 8 25 800825 0 -109.56 -5.1 3.3 . 21.83 21.96
39 80 8 26 800826 0 -109.56 -4.5 3.8 . 22.04 22.25
40 80 8 27 800827 0 -109.56 -3.8 3.7 . 22.36 22.61
41 80 8 28 800828 0 -109.56 -3.9 3.3 . 22.51 22.69
42 80 8 29 800829 0 -109.56 -5 2.4 . 22.45 23.08
43 80 8 30 800830 0 -109.56 -5.9 3.7 . 23 24.55
44 80 8 31 800831 0 -109.56 -6.2 5.1 . 23.12 24.79
45 80 9 1 800901 0 -109.56 -6.2 3.8 . 22.67 24.04
46 80 9 2 800902 0 -109.56 -5.4 2.7 . 22.08 23
47 80 9 3 800903 0 -109.56 -4.2 3 . 21.76 22.16
48 80 9 4 800904 0 -109.56 -3.7 1.7 . 21.9 21.85
49 80 9 5 800905 0 -109.56 -4.5 3 . 21.72 21.61
50 80 9 6 800906 0 -109.56 -4.1 2.4 . 21.84 21.52
51 80 9 7 800907 0 -109.56 -4.5 3 . 21.76 21.69
52 80 9 8 800908 0 -109.56 -4.1 3.5 . 21.95 21.8
53 80 9 9 800909 0 -109.56 -4.7 3.8 . 22.03 21.88
54 80 9 10 800910 0 -109.56 -4.4 2.6 . 22.03 22.09
55 80 9 11 800911 0 -109.56 -2.7 3.6 . 21.97 22.11
56 80 9 12 800912 0 -109.56 -3.6 4.2 . 21.97 22
57 80 9 13 800913 0 -109.56 -4.4 3.7 . 21.75 21.88
58 80 9 14 800914 0 -109.56 -3.3 2.5 . 21.89 21.93
59 80 9 15 800915 0 -109.56 -2.8 3.2 . 22 22.24
60 80 9 16 800916 0 -109.56 -1.4 3.8 . 22.33 22.59
61 80 9 17 800917 0 -109.56 -2.8 5.3 . 22.72 23.32
62 80 9 18 800918 0 -109.56 -4.7 5.2 . 22.93 23.13
63 80 9 19 800919 0 -109.56 -4 4.4 . 22.47 23.36
64 80 9 20 800920 0 -109.56 -6 4.2 . 22.92 23.69
65 80 9 21 800921 0 -109.56 -5.6 3.4 . 22.5 23.6
66 80 9 22 800922 0 -109.56 -5.3 4.6 . 22.7 24.11
67 80 9 23 800923 0 -109.56 -5.1 3.9 . 22.68 24.28
68 80 9 24 800924 0 -109.56 -4.5 3.3 . 22.58 23.77
69 80 9 25 800925 0 -109.56 -3.3 2.7 . 22.32 22.87
70 80 9 26 800926 0 -109.56 -2.6 3.7 . 21.81 22.05
71 80 9 27 800927 0 -109.56 -4.3 1.3 . 21.91 21.81
72 80 9 28 800928 0 -109.56 -4 1.3 . 21.81 21.71
73 80 9 29 800929 0 -109.56 -4 1.8 . 21.96 22.07
74 80 9 30 800930 0 -109.56 -4.9 2.3 . 22.05 22.38
75 80 10 1 801001 0 -109.56 -4.4 3.4 . 22.45 22.44
76 80 10 2 801002 0 -109.56 -4.8 4.2 . 22.32 22.16
77 80 10 3 801003 0 -109.56 -5.8 4 . 21.94 21.88
78 80 10 4 801004 0 -109.56 -4.1 2.5 . 21.53 21.66
79 80 10 5 801005 0 -109.56 -3.2 2.4 . 21.28 21.42
80 80 10 6 801006 0 -109.56 -3.2 3.2 . 21.12 21.17
81 80 10 7 801007 0 -109.56 -2.2 2.8 . 21.08 21.2
82 80 10 8 801008 0 -109.56 -2.7 2.7 . 21.02 20.97
83 80 10 9 801009 0 -109.56 -3.7 2.2 . 20.65 20.71
84 80 10 10 801010 0 -109.56 -3.5 1.1 . 20.71 20.74
85 80 10 11 801011 0 -109.56 -4.2 1.2 . 20.54 20.72
86 80 10 12 801012 0 -109.56 -2.8 -0.3 . 20.45 20.51
87 80 10 13 801013 0 -109.56 -3.7 0.1 . 20.52 20.71
88 80 10 14 801014 0 -109.56 -2.9 0.4 . 20.42 20.52
89 80 10 15 801015 0 -109.56 -1.5 -0.4 . 20.73 20.62
90 80 10 16 801016 0 -109.56 -2.3 1.6 . 20.62 20.47
91 80 10 17 801017 0 -109.56 -2.1 0.1 . 20.84 20.59
92 80 10 18 801018 0 -109.56 -2 1.3 . 20.92 20.73
93 80 10 19 801019 0 -109.56 -2.6 0.9 . 21.23 21.07
94 80 10 20 801020 0 -109.56 -3.8 0.1 . 21.19 21.08
95 80 10 21 801021 0 -109.56 -5.3 1.9 . 21.2 21.18
96 80 10 22 801022 0 -109.56 -4.9 3 . 21.45 21.36
97 80 10 23 801023 0 -109.56 -5.3 2.3 . 21.5 21.46
98 80 10 24 801024 0 -109.56 -5.1 3.6 . 21.8 21.6
99 80 10 25 801025 0 -109.56 -3.4 2.7 . 21.87 21.78
100 80 10 26 801026 0 -109.56 -6.3 2.2 . 21.6 21.84
101 80 10 27 801027 0 -109.56 -7.2 3.2 . 21.52 21.73
102 80 10 28 801028 0 -109.56 -5.4 3.8 . 21.72 21.75
103 80 10 29 801029 0 -109.56 -4.5 3.4 . 21.61 21.74
104 80 10 30 801030 0 -109.56 -4.8 3.8 . 21.73 21.8
105 80 10 31 801031 0 -109.56 -4.9 4 . 22.07 22.26
106 80 11 1 801101 0 -109.56 -5.4 4.8 . 22.18 22.92
107 80 11 2 801102 0 -109.56 -5.3 4.5 . 22.64 23.24
108 80 11 3 801103 0 -109.56 -5.5 3.6 . 22.65 23.62
109 80 11 4 801104 0 -109.56 -5.4 3.5 . 22.77 23.88
110 80 11 5 801105 0 -109.56 -4.5 4.5 . 22.68 24.22
111 80 11 6 801106 0 -109.56 -4.9 4.3 . 23.41 24.53
112 80 11 7 801107 0 -109.56 -5.9 3 . 23.32 24.58
113 80 11 8 801108 0 -109.56 -5.5 3.7 . 23.04 24.59
114 80 11 9 801109 0 -109.56 -5.8 4.8 . 23.03 24.5
115 80 11 10 801110 0 -109.56 -5.8 4.9 . 22.84 24.23
116 80 11 11 801111 0 -109.56 -3.7 4.4 . 22.37 23.11
117 80 11 12 801112 0 -109.56 -3.4 3.7 . 22.18 22.08
118 80 11 13 801113 0 -109.56 -4.2 4.2 . 22.31 22.4
119 80 11 14 801114 0 -109.56 -4.4 4.2 . 22.74 22.6
120 80 11 15 801115 0 -109.56 -5.2 3.9 . 22.8 22.8
121 80 11 16 801116 0 -109.56 -5 3.1 . 22.9 22.91
122 80 11 17 801117 0 -109.56 -5.5 4.9 . 22.64 22.73
123 80 11 18 801118 0 -109.56 -6.1 4.1 . 22.54 22.57
124 80 11 19 801119 0 -109.56 -6 3.6 . 22.57 22.56
125 80 11 20 801120 0 -109.56 -3.3 5.5 . 22.51 22.41
126 80 11 21 801121 0 -109.56 -2.6 4.2 . 22.46 22.53
127 80 11 22 801122 0 -109.56 -4.7 3.4 . 22.67 22.7
128 80 11 23 801123 0 -109.56 -5.8 4.3 . 22.76 22.81
129 80 11 24 801124 0 -109.56 -5.9 3.1 . 23.22 23.09
130 80 11 25 801125 0 -109.56 -5.8 2.7 . 23.64 23.62
131 80 11 26 801126 0 -109.56 -6.2 4.7 . 23.68 24.54
132 80 11 27 801127 0 -109.56 -5 5 . 23.55 25.09
133 80 11 28 801128 0 -109.56 -4.9 4.9 . 23.32 24.7
134 80 11 29 801129 0 -109.56 -4.5 4.3 . 22.96 23.64
135 80 11 30 801130 0 -109.56 -1.5 4.7 . 22.44 22.17
136 80 12 1 801201 0 -109.56 -2.8 4.2 . 22.09 22.02
137 80 12 2 801202 0 -109.56 -1.7 5.4 . 22.47 22.2
138 80 12 3 801203 0 -109.56 -3 4.8 . 22.73 22.39
139 80 12 4 801204 0 -109.56 -4 3.6 . 22.62 22.55
140 80 12 5 801205 0 -109.56 -3.1 4.1 . 22.91 22.66
141 80 12 6 801206 0 -109.56 -4.2 5.2 . 22.85 22.69
142 80 12 7 801207 0 -109.56 -3.2 2.6 . 22.97 22.81
143 80 12 8 801208 0 -109.56 -3.8 3.2 . 22.98 23
144 80 12 9 801209 0 -109.56 -5.9 3.9 . 22.84 22.9
145 80 12 10 801210 0 -109.56 -4.7 2.7 . 22.86 22.86
146 80 12 11 801211 0 -109.56 -3.3 3.8 . 23.1 23.16
147 80 12 12 801212 0 -109.56 -4.3 4.3 . 23.25 23.16
148 80 12 13 801213 0 -109.56 -3.8 4.3 . 23.15 23.32
149 80 12 14 801214 0 -109.56 -3.7 4 . 23.23 23.86
150 80 12 15 801215 0 -109.56 -4.6 2.9 . 23.96 24.86
151 80 12 16 801216 0 -109.56 -5.4 5.1 . 24.53 25.72
152 80 12 17 801217 0 -109.56 -4.4 6.3 . 24.45 25.25
153 80 12 18 801218 0 -109.56 -5 3.9 . 24.1 25.16
154 80 12 19 801219 0 -109.56 -4.9 3.7 . 23.72 24.65
155 80 12 20 801220 0 -109.56 -4.3 5 . 23.53 23.52
156 80 12 21 801221 0 -109.56 -3.3 5.4 . 23.15 23.03
157 80 12 22 801222 0 -109.56 -3.3 2.4 . 23.22 23.13
158 80 12 23 801223 0 -109.56 -3.6 3 . 23.21 23.35
159 80 12 24 801224 0 -109.56 -5.9 2.3 . 23.46 23.43
160 80 12 25 801225 0 -109.56 -5.2 1.4 . 23.17 23.26
161 80 12 26 801226 0 -109.56 -5.6 3.6 . 23.33 23.15
162 80 12 27 801227 0 -109.56 -3.9 2.3 . 23.19 22.92
163 80 12 28 801228 0 -109.56 -5.1 1.2 . 22.94 22.87
164 80 12 29 801229 0 -109.56 -4.4 1.6 . 22.71 22.78
165 80 12 30 801230 0 -109.56 -3.7 3.8 . 22.77 22.69
166 80 12 31 801231 0 -109.56 -4.1 3.9 . 22.9 22.68
167 81 1 1 810101 0 -109.56 -6.3 3.5 . 22.63 22.58
168 81 1 2 810102 0 -109.56 -7.9 2.7 . 22.55 22.47
169 81 1 3 810103 0 -109.56 -6.1 2.9 . 22.35 22.39
170 81 1 4 810104 0 -109.56 -3.2 2.4 . 22.62 22.52
171 81 1 5 810105 0 -109.56 -2.2 2.4 . 22.77 22.69
172 81 1 6 810106 0 -109.56 -2.3 2.5 . 22.87 22.6
173 81 1 7 810107 0 -109.56 -2.3 3.1 . 22.63 22.42
174 81 1 8 810108 0 -109.56 -4 3 . 22.38 22.27
175 81 1 9 810109 0 -109.56 -2.3 3 . 22.57 22.39
176 81 1 10 810110 0 -109.56 -2.5 3.2 . 22.8 22.56
177 81 1 11 810111 0 -109.56 -3 2.2 . 22.75 22.47
178 81 1 12 810112 0 -109.56 -3.2 3.5 . 22.68 22.44
179 81 1 13 810113 0 -109.56 -2.3 3.5 . 22.7 22.41
180 81 1 14 810114 0 -109.56 -2.9 4.5 . 22.53 22.28
181 81 1 15 810115 0 -109.56 -1.3 2.6 . 22.79 22.58
182 81 1 16 810116 0 -109.56 -2 2.3 . 23.04 23
183 81 1 17 810117 0 -109.56 -2.3 2.7 . 22.96 22.92
184 81 1 18 810118 0 -109.56 -2.1 1.2 . 23.05 22.92
185 81 1 19 810119 0 -109.56 -3.7 2.1 . 23.07 22.88
186 81 1 20 810120 0 -109.56 -2.8 3.3 . 22.92 22.81
187 81 1 21 810121 0 -109.56 -4.6 1.3 . 22.86 22.83
188 81 1 22 810122 0 -109.56 -5.2 1.9 . 22.81 22.95
189 81 1 23 810123 0 -109.56 -4.4 2.1 . 22.8 23.05
190 81 1 24 810124 0 -109.56 -3.9 3 . 22.74 23.12
191 81 1 25 810125 0 -109.56 -4.3 3.7 . 22.75 23.02
192 81 1 26 810126 0 -109.56 -3.2 2.8 . 22.58 22.57
193 81 1 27 810127 0 -109.56 -1.7 1.4 . 22.92 22.96
194 81 1 28 810128 0 -109.56 -1.2 2.3 . 23.09 23.13
195 81 1 29 810129 0 -109.56 -1.9 3 . 23.25 23.12
196 81 1 30 810130 0 -109.56 -3.4 3.2 . 23.17 22.97
197 81 1 31 810131 0 -109.56 -2.3 2.5 . 23.23 23.15
198 81 2 1 810201 0 -109.56 -2.7 2.8 . 23.29 23.07
199 81 2 2 810202 0 -109.56 -4.2 2 . 23.24 23.09
200 81 2 3 810203 0 -109.56 -3.9 2.8 . 23.19 23.11
201 81 2 4 810204 0 -109.56 -3.2 2.8 . 23.2 23.12
202 81 2 5 810205 0 -109.56 -1.3 1.6 . 22.92 23.2
203 81 2 6 810206 0 -109.56 -1.1 2.6 . 23.52 24.19
204 81 2 7 810207 0.01 -109.56 -2.3 4.4 . 24.42 25.33
205 81 2 8 810208 0.01 -109.56 -4.6 4.2 . 24.71 25.73
206 81 2 9 810209 0.01 -109.56 -5.9 2.7 . 24.97 25.81
207 81 2 10 810210 0.01 -109.56 -5.5 2.4 . 24.81 25.69
208 81 2 11 810211 0.01 -109.56 -3.3 3.2 . 24.53 25.59
209 81 2 12 810212 0.01 -109.56 -4.5 3 . 24.5 25.32
210 81 2 13 810213 0.01 -109.56 -5.1 2.2 . 24.31 24.65
211 81 2 14 810214 0.01 -109.56 -4.5 1.1 . 23.65 23.83
212 81 2 15 810215 0.01 -109.56 -2.7 2.4 . 23.52 23.69
213 81 2 16 810216 0.01 -109.56 -2.9 3.4 . 23.57 23.37
214 81 2 17 810217 0.01 -109.56 -1.8 1.6 . 23.52 23.38
215 81 2 18 810218 0.01 -109.56 -1 2.1 . 23.85 23.67
216 81 2 19 810219 0.01 -109.56 -3.4 2 . 23.56 23.61
217 81 2 20 810220 0.01 -109.56 -3.3 2.6 . 23.86 23.65
218 81 2 21 810221 0.01 -109.56 -3.9 1.5 . 23.91 23.87
219 81 2 22 810222 0.01 -109.56 -3.9 1.4 . 23.71 23.95
220 81 2 23 810223 0.01 -109.56 -2.6 2.2 . 23.94 23.96
221 81 2 24 810224 0.01 -109.56 -3.2 1.4 . 24.05 24.14
222 81 2 25 810225 0.01 -109.56 -4.4 1.8 . 23.93 23.87
223 81 2 26 810226 0.01 -109.56 -3.5 1.5 . 24.01 24
224 81 2 27 810227 0.01 -109.56 -3.1 1.8 . 24.04 24.1
225 81 2 28 810228 0.01 -109.56 -3.5 2 . 24.14 24
226 81 3 1 810301 0.01 -109.56 -2.8 1.8 . 24.09 24.38
227 81 3 2 810302 0.01 -109.56 -1.7 2.2 . 24.62 24.65
228 81 3 3 810303 0.01 -109.56 -1.7 2.6 . 24.09 23.78
229 81 3 4 810304 0.01 -109.56 -0.9 0.9 . 23.98 23.83
230 81 3 5 810305 0.01 -109.56 -1.4 1.7 . 24.1 23.43
231 81 3 6 810306 0.01 -109.56 -0.5 2.4 . 24.27 24.32
232 81 3 7 810307 0.01 -109.56 -0.2 0.8 . 24.76 24.59
233 81 3 8 810308 0.01 -109.56 -0.1 2.6 . 25.1 25.05
234 81 3 9 810309 0.01 -109.56 -0.3 2.5 . 24.59 24.37
235 81 3 10 810310 0.01 -109.56 -1 2 . 24.43 24.38
236 81 3 11 810311 0.01 -109.56 -0.8 1.2 . 24.47 24.4
237 81 3 12 810312 0.01 -109.56 1.1 2.6 . 24.51 24.37
238 81 3 13 810313 0.01 -109.56 0.6 3 . 24.58 24.54
239 81 3 14 810314 0.01 -109.56 0.6 3.2 . 24.8 24.8
240 81 3 15 810315 0.01 -109.56 -0.7 3.3 . 25.06 25.16
241 81 3 16 810316 0.01 -109.56 0.5 2 . 25.28 26.29
242 81 3 17 810317 0.01 -109.56 -0.6 2.7 . 26.14 27.28
243 81 3 18 810318 0.01 -109.56 0.9 3.4 . 26.44 26.97
244 81 3 19 810319 0.01 -109.56 -2 2.7 . 25.78 26.86
245 81 3 20 810320 0.01 -109.56 -0.4 1.6 . 25.66 27.53
246 81 3 21 810321 0.01 -109.56 0.8 2.5 . 25.86 27.71
247 81 3 22 810322 0.01 -109.56 2.8 1.3 . 25.78 27.64
248 81 3 23 810323 0.01 -109.56 0.2 5.3 . 26.56 27.54
249 81 3 24 810324 0.01 -109.56 -3.6 4.4 . 27.2 27.45
250 81 3 25 810325 0.01 -109.56 -2.9 1.1 . 26.71 27.46
251 81 3 26 810326 0.01 -109.56 -5.2 0.9 . 26.9 27.41
252 81 3 27 810327 0.01 -109.56 -5.1 1.1 . 26.59 27.08
253 81 3 28 810328 0.01 -109.56 -4.4 0.9 . 26.35 26.91
254 81 3 29 810329 0.01 -109.56 -3.3 1.8 . 26.08 26.62
255 81 3 30 810330 0.01 -109.56 -3.9 3.2 . 25.98 .
256 81 3 31 810331 0.01 -109.56 -3 4.5 . 25.93 .
257 81 4 1 810401 0.01 -109.56 -2.2 2.2 . 25.67 .
258 81 4 2 810402 0.01 -109.56 -3.6 1.3 . 25.6 .
259 81 4 3 810403 0.01 -109.56 -3 1.9 . 25.4 .
260 81 4 4 810404 0.01 -109.56 -3.4 1.3 . 25.48 .
261 81 4 5 810405 0.01 -109.56 -3.9 0.3 . 25.48 .
262 81 4 6 810406 0.01 -109.56 -3 0.4 . 25.58 .
263 81 4 7 810407 0.01 -109.56 -2.1 0.9 . 25.55 .
264 81 4 8 810408 0.01 -109.56 -3.5 2.4 . 25.21 .
265 81 4 9 810409 0.01 -109.56 -3.8 2.4 . 25.45 .
266 81 4 10 810410 0.01 -109.56 -2.8 0.6 . 25.69 .
267 81 4 11 810411 0.01 -109.56 -3.8 0.5 . 25.44 .
268 81 4 12 810412 0.01 -109.56 -2.4 1.8 . 25.78 .
269 81 4 13 810413 0.01 -109.56 -2.9 2 . 25.46 .
270 81 4 14 810414 0.01 -109.56 -2.8 -0.9 . 25.44 .
271 81 4 15 810415 0.01 -109.56 -2.8 0.6 . 25.41 .
272 81 4 16 810416 0.01 -109.56 -3 0.3 . 25.54 .
273 81 4 17 810417 0.01 -109.56 -2.1 1.1 . 25.67 .
274 81 4 18 810418 0.01 -109.56 -2.1 2.8 . 25.77 .
275 81 4 19 810419 0.01 -109.56 -2.3 3.3 . 25.97 .
276 81 4 20 810420 0.01 -109.56 -4 0.9 . 25.83 .
277 81 4 21 810421 0.01 -109.56 -3.7 1.6 . 25.97 .
278 81 4 22 810422 0.01 -109.56 -4.4 3.2 . 26.28 .
279 81 4 23 810423 0.01 -109.56 -6.1 3.2 . 26.37 .
280 81 4 24 810424 0.01 -109.56 -6.2 3.1 . 26.2 .
281 81 4 25 810425 0.01 -109.56 -4.8 2 . 25.89 .
282 81 4 26 810426 0.01 -109.56 -4.8 2.8 . 25.86 .
283 81 4 27 810427 0.01 -109.56 -5.2 1.3 . 25.63 .
284 81 4 28 810428 0.01 -109.56 -3.1 2.3 . 25.13 .
285 81 4 29 810429 0.01 -109.56 -0.6 3.5 . 25.53 .
286 81 4 30 810430 0.01 -109.56 -0.9 4 . 25.67 .
287 81 5 1 810501 0.01 -109.56 -1 3.9 . 25.48 .
288 81 5 2 810502 0.01 -109.56 -1.6 4 . 25.63 .
289 81 5 3 810503 0.01 -109.56 -2.3 3.9 . 25.68 .
290 81 5 4 810504 0.01 -109.56 -3.2 5.1 . 25.5 .
291 81 5 5 810505 0.01 -109.56 -4.5 4.8 . 25.68 .
292 81 5 6 810506 0.01 -109.56 -3.8 3.7 . 25.75 .
293 81 5 7 810507 0.01 -109.56 -2.6 1.7 . 25.35 .
294 81 5 8 810508 0.01 -109.56 -3.3 0.8 . 25.5 .
295 81 5 9 810509 0.01 -109.56 -3.4 1 . 25.48 .
296 81 5 10 810510 0.01 -109.56 -2.4 3.5 . 25.32 .
297 81 5 11 810511 0.01 -109.56 -4.3 4.1 . 25.43 .
298 81 5 12 810512 0.01 -109.56 -6.3 3.5 . 25.61 .
299 81 5 13 810513 0.01 -109.56 -5.7 3.2 . 25.51 .
300 81 5 14 810514 0.01 -109.56 -4.6 2.7 . 25.19 .
301 81 5 15 810515 0.01 -109.56 -3.7 3 . 25.19 .
302 81 5 16 810516 0.01 -109.56 -3.7 2.7 . 25.18 .
303 81 5 17 810517 0.01 -109.56 -5.6 3.7 . 25.47 .
304 81 5 18 810518 0.01 -109.56 -4.6 1.8 . 25.19 .
305 81 5 19 810519 0.01 -109.56 -4.5 1.9 . 25.08 .
306 81 5 20 810520 0.01 -109.56 -4.7 1.5 . 24.94 .
307 81 5 21 810521 0.01 -109.56 -2.5 2.7 . 24.97 .
308 81 5 22 810522 0.01 -109.56 -1.7 3.4 . 24.95 .
309 81 5 23 810523 0.01 -109.56 -4.1 3.4 . 24.9 .
310 81 5 24 810524 0.01 -109.56 -4.6 3.2 . 24.78 .
311 81 5 25 810525 0.01 -109.56 -4.8 3.2 . 24.86 .
312 81 5 26 810526 0.01 -109.56 -4.1 3.4 . 24.78 .
313 81 5 27 810527 0.01 -109.56 -4.1 5.6 . 24.71 .
314 81 5 28 810528 0.01 -109.56 -2.5 4.3 . 24.27 .
315 81 5 29 810529 0.01 -109.56 -2.8 3.4 . 23.94 .
316 81 5 30 810530 0.01 -109.56 -3 3.4 . 23.69 .
317 81 5 31 810531 0.01 -109.56 -2.4 2 . 23.7 .
318 81 6 1 810601 0.01 -109.56 -3.2 1.3 . 23.92 .
319 81 6 2 810602 0.01 -109.56 -3.9 0.1 . 23.71 .
320 81 6 3 810603 0.01 -109.56 -4.6 1.6 . 23.68 .
321 81 6 4 810604 0.01 -109.56 -3.6 2.4 . 23.72 .
322 81 6 5 810605 0.01 -109.56 -4.3 2.3 . 23.62 .
323 81 6 6 810606 0.01 -109.56 -3.6 1.8 . 23.47 .
324 81 6 7 810607 0.01 -109.56 -4.2 0.3 . 23.21 .
325 81 6 8 810608 0.01 -109.56 -3.8 1 . 23.2 .
326 81 6 9 810609 0.01 -109.56 -3.5 0.8 . 23.31 .
327 81 6 10 810610 0.01 -109.56 -3.7 0.8 . 23.46 .
328 81 6 11 810611 0.01 -109.56 -4.4 2 . 23.8 .
329 81 6 12 810612 0.01 -109.56 -4.1 0.8 . 23.91 .
330 81 6 13 810613 0.01 -109.56 -5.1 2 . 24.11 .
331 81 6 14 810614 0.01 -109.56 -4.8 1 . 23.9 .
332 81 6 15 810615 0.01 -109.56 -5 1.3 . 23.78 .
333 81 6 16 810616 0.01 -109.56 -3.7 2.2 . 23.9 .
334 81 6 17 810617 0.01 -109.56 -4.1 1.5 . 24.4 .
335 81 6 18 810618 0.01 -109.56 -4.9 3 . 24.99 .
336 81 6 19 810619 0.01 -109.56 -5.9 3.9 . 24.85 .
337 81 6 20 810620 0.01 -109.56 -6.9 3.6 . 24.87 .
338 81 6 21 810621 0.01 -109.56 -7.2 3.6 . 24.78 .
339 81 6 22 810622 0.01 -109.56 -7.2 3.5 . 24.71 .
340 81 6 23 810623 0.01 -109.56 -6.6 3.2 . 24.45 .
341 81 6 24 810624 0.01 -109.56 -4.7 3.3 . 24.38 .
342 81 6 25 810625 0.01 -109.56 -3.6 4.4 . 23.97 .
343 81 6 26 810626 0.01 -109.56 -2.6 4 . 23.67 .
344 81 6 27 810627 0.01 -109.56 -1.8 3.6 . 23.53 .
345 81 6 28 810628 0.01 -109.56 -1.7 3.8 . 23.51 .
346 81 6 29 810629 0.01 -109.56 -3 3.7 . 23.64 .
347 81 6 30 810630 0.01 -109.56 -3.9 2.8 . 23.78 .
348 81 7 1 810701 0.01 -109.56 -5.8 2 . 23.66 .
349 81 7 2 810702 0.01 -109.56 -5.6 1.7 . 23.42 .
350 81 7 3 810703 0.01 -109.56 -4.7 2.2 . 23.26 .
351 81 7 4 810704 0.01 -109.56 -3.9 2.3 . 23.24 .
352 81 7 5 810705 0.01 -109.56 -4.4 3.1 . 23.07 .
353 81 7 6 810706 0.01 -109.56 -4.7 3.1 . 23.36 .
354 81 7 7 810707 0.01 -109.56 -5.1 4.3 . 23.47 .
355 81 7 8 810708 0.01 -109.56 -4.9 4.3 . 23.59 .
356 81 7 9 810709 0.01 -109.56 -4 3.7 . 23.6 .
357 81 7 10 810710 0.01 -109.56 -3.8 3.1 . 23.83 .
358 81 7 11 810711 -0.04 -109.66 -5.1 2.8 . 23.74 .
359 81 7 12 810712 -0.04 -109.66 -4.9 2.7 . 23.31 23.86
360 81 7 13 810713 -0.04 -109.66 -4.1 1.6 . 23.2 23.59
361 81 7 14 810714 -0.04 -109.66 -4.5 4.2 . 23.07 23.55
362 81 7 15 810715 -0.04 -109.66 -5.5 2 . 23.04 23.83
363 81 7 16 810716 -0.04 -109.66 -5.3 1.4 . 22.82 23.45
364 81 7 17 810717 -0.04 -109.66 -4.6 1.5 . 22.57 22.63
365 81 7 18 810718 -0.04 -109.66 -1.9 0.6 . 22.56 22.41
366 81 7 19 810719 -0.04 -109.66 -3.7 0.2 . 22.62 22.51
367 81 7 20 810720 -0.04 -109.66 -4.3 1.1 . 22.5 22.39
368 81 7 21 810721 -0.04 -109.66 -5.6 1 . 22.35 22.35
369 81 7 22 810722 -0.04 -109.66 -5.1 1.2 . 22.35 22.6
370 81 7 23 810723 -0.04 -109.66 -5.1 1 . 22.51 22.88
371 81 7 24 810724 -0.04 -109.66 -4.8 1 . 22.56 22.87
372 81 7 25 810725 -0.04 -109.66 -5.1 1.5 . 22.09 22.33
373 81 7 26 810726 -0.04 -109.66 -5.5 2 . 21.75 21.68
374 81 7 27 810727 -0.04 -109.66 -4.8 1.5 . 21.49 21.54
375 81 7 28 810728 -0.04 -109.66 -6 2.9 . 21.51 21.51
376 81 7 29 810729 -0.04 -109.66 -5.2 1.9 . 21.03 20.95
377 81 7 30 810730 -0.04 -109.66 -3.3 0.4 . 20.72 20.56
378 81 7 31 810731 -0.04 -109.66 -4.5 0.8 . 20.51 20.41
379 81 8 1 810801 -0.04 -109.66 -5 0.7 . 20.29 20.08
380 81 8 2 810802 -0.04 -109.66 -3.9 0.1 . 20.11 19.98
381 81 8 3 810803 -0.04 -109.66 -1.6 0.3 . 20.36 20.12
382 81 8 4 810804 -0.04 -109.66 -2.8 2.3 . 20.51 20.32
383 81 8 5 810805 -0.04 -109.66 -2.2 1.3 . 20.52 20.35
384 81 8 6 810806 -0.04 -109.66 -3.2 1.7 . 20.55 20.48
385 81 8 7 810807 -0.04 -109.66 -4.6 0.8 . 20.34 20.38
386 81 8 8 810808 -0.04 -109.66 -4.6 -0.6 . 20.21 20.28
387 81 8 9 810809 -0.04 -109.66 -5.4 0.7 . 20.2 20.31
388 81 8 10 810810 -0.04 -109.66 -6.4 1.3 . 20.07 19.7
389 81 8 11 810811 -0.04 -109.66 -3.9 0.4 . 19.93 19.67
390 81 8 12 810812 -0.04 -109.66 -2.2 0.6 . 20.14 20.36
391 81 8 13 810813 -0.04 -109.66 -3.6 2 . 20.74 20.81
392 81 8 14 810814 -0.04 -109.66 -2.9 0.8 . 20.87 21.12
393 81 8 15 810815 -0.04 -109.66 -6.1 1.3 . 21.17 21.1
394 81 8 16 810816 -0.04 -109.66 -5.9 0.6 . 20.68 21.11
395 81 8 17 810817 -0.04 -109.66 -5.1 0.1 . 20.45 20.89
396 81 8 18 810818 -0.04 -109.66 -5.3 0.7 . 20.59 20.66
397 81 8 19 810819 -0.04 -109.66 -5.7 2.1 . 20.92 21.36

2463 88 12 24 881224 -0.07 -109.99 -1.2 0.7 . 20.11 19.63
2464 88 12 25 881225 -0.06 -109.99 -1.8 2.6 . 20.44 19.98
2465 88 12 26 881226 -0.06 -109.99 -0.8 3.2 . 20.51 19.82
2466 88 12 27 881227 -0.07 -109.99 -1.8 2 . 20.46 20.07
2467 88 12 28 881228 -0.07 -109.99 -1.8 3.7 . 20.34 19.79
2468 88 12 29 881229 -0.07 -109.99 -2.1 0.6 . 20.52 20.39
2469 88 12 30 881230 -0.07 -109.99 -2.4 2.7 . 20.64 20.43
2470 88 12 31 881231 -0.07 -109.99 -2.9 1.8 . 20.9 20.62
2471 89 1 1 890101 -0.07 -109.99 -1.6 0 . 20.86 20.83
2472 89 1 2 890102 -0.08 -109.99 -1.5 1.3 . 20.69 21
2473 89 1 3 890103 -0.08 -109.99 -2.4 0.2 . 20.49 20.48
2474 89 1 4 890104 -0.08 -109.98 -2.8 1.8 . 20.62 20.5
2475 89 1 5 890105 -0.08 -109.99 -3.5 0.8 . 19.67 19.77
2476 89 1 6 890106 -0.08 -109.99 -0.4 1 . 20.17 20.21
2477 89 1 7 890107 -0.08 -109.99 -1.8 2.2 . 20.74 20.56
2478 89 1 8 890108 -0.08 -109.98 -1.6 1.8 . 20.35 19.98
2479 89 1 9 890109 -0.07 -109.98 0.7 2.6 . 20.72 20.33
2480 89 1 10 890110 -0.07 -109.98 -0.5 2 . 21.05 20.71
2481 89 1 11 890111 -0.08 -109.98 -2.1 1.7 . 21.11 21
2482 89 1 12 890112 -0.08 -109.98 -1.3 2.7 . 21.18 20.97
2483 89 1 13 890113 -0.08 -109.98 -0.9 0.9 . 21.46 21.43
2484 89 1 14 890114 -0.07 -109.98 -3.1 2.8 . 21.47 21.05
2485 89 1 15 890115 -0.07 -109.98 -3.4 2.6 . 20.77 20.24
2486 89 1 16 890116 -0.08 -109.98 -2.3 1.4 . 20.77 20.39
2487 89 1 17 890117 -0.07 -109.98 -3.5 1.6 . 20.57 20.3
2488 89 1 18 890118 -0.07 -109.98 -2.7 1.5 . 20.5 20.27
2489 89 1 19 890119 -0.07 -109.99 -1.1 2.4 . 20.99 20.91
2490 89 1 20 890120 -0.07 -109.99 -1.6 2.1 . 21.52 21.3
2491 89 1 21 890121 -0.08 -109.98 -0.7 2.6 . 21.28 21.2
2492 89 1 22 890122 -0.07 -109.99 -1.1 1.6 . 21.88 21.71
2493 89 1 23 890123 -0.07 -109.99 -2.7 0.8 . 22.25 22.26
2494 89 1 24 890124 -0.08 -109.99 -2.7 2.8 . 22.64 23.15
2495 89 1 25 890125 -0.08 -110 -1.8 2.8 . 23.15 24.73
2496 89 1 26 890126 -0.08 -110 -1.8 4.3 . 23.8 25.25
2497 89 1 27 890127 -0.08 -110 -3.6 5.2 . 24.3 25.32
2498 89 1 28 890128 -0.07 -110 -4.2 5.9 . 23.88 24.47
2499 89 1 29 890129 -0.07 -109.99 -2 4.5 . 23.52 23.91
2500 89 1 30 890130 -0.07 -109.99 -2.6 2.5 . 23.41 23.92
2501 89 1 31 890131 -0.07 -109.99 -2.4 3.3 . 23.02 23.69
2502 89 2 1 890201 -0.07 -109.99 -1.4 1.5 . 23.37 23.65
2503 89 2 2 890202 -0.07 -109.98 -1.3 0.2 . 24.15 24.34
2504 89 2 3 890203 -0.07 -109.98 -2.7 2.2 . 23.81 23.87
2505 89 2 4 890204 -0.07 -109.98 -2.6 2 . 23.09 23.43
2506 89 2 5 890205 -0.07 -109.99 -1.5 3.9 . 23.09 23.35
2507 89 2 6 890206 -0.07 -109.99 -1.2 4.3 . 23 23.05
2508 89 2 7 890207 -0.07 -109.99 -1.2 3.2 . 23.01 23.15
2509 89 2 8 890208 -0.07 -109.99 0.4 2.3 . 23.27 23.4
2510 89 2 9 890209 -0.07 -109.99 -1 4.1 . 23 23.56
2511 89 2 10 890210 -0.07 -109.99 -1.6 -0.8 . 23.14 23.36
2512 89 2 11 890211 -0.08 -109.98 -1.4 0 . 23.59 23.75
2513 89 2 12 890212 -0.08 -109.98 0.8 2.8 . 23.72 23.71
2514 89 2 13 890213 -0.08 -109.99 0.6 1.3 . 23.87 24.03
2515 89 2 14 890214 -0.08 -109.98 -1.7 3.4 . 24.26 24.95
2516 89 2 15 890215 -0.07 -109.99 -0.9 0.9 . 24.53 25.38
2517 89 2 16 890216 -0.08 -109.99 -0.4 0.7 . 25.5 26
2518 89 2 17 890217 -0.08 -109.99 -0.9 0.7 . 25.24 26.37
2519 89 2 18 890218 -0.08 -109.99 0.5 -1.9 . 25.55 26.69
2520 89 2 19 890219 -0.08 -109.99 -2.4 -1.9 . 24.76 26.67
2521 89 2 20 890220 -0.08 -109.99 -1.5 1.8 . 25.35 26.63
2522 89 2 21 890221 -0.07 -109.99 -0.3 4.1 . 25.66 26.73
2523 89 2 22 890222 -0.06 -109.99 -0.8 1.4 . 25.89 26.99
2524 89 2 23 890223 -0.06 -109.98 -2.3 -2.2 . 26.13 26.99
2525 89 2 24 890224 -0.07 -109.99 -6.5 -2.3 . 25.86 26.54
2526 89 2 25 890225 -0.06 -109.99 -6.4 -2.6 . 25.7 25.64
2527 89 2 26 890226 -0.07 -109.99 -4.9 -1.5 . 25.2 25.11
2528 89 2 27 890227 -0.07 -109.99 -4.2 -2.5 . 24.82 24.78
2529 89 2 28 890228 -0.06 -109.99 -5.2 -2.6 . 24.35 24.38
2530 89 3 1 890301 -0.07 -109.99 -4.1 -2.6 . 24.22 24.36
2531 89 3 2 890302 -0.07 -109.99 -3.1 -2.5 . 24.19 24.32
2532 89 3 3 890303 -0.07 -109.99 -2.4 -0.4 . 24.38 24.63
2533 89 3 4 890304 -0.07 -109.98 -2.1 -1.9 . 24.7 24.83
2534 89 3 5 890305 -0.07 -109.98 -2.3 -3.4 . 24.67 24.72
2535 89 3 6 890306 -0.07 -109.99 -1 -3.1 . 24.71 24.7
2536 89 3 7 890307 -0.07 -109.99 -2.9 -2.9 . 24.6 24.84
2537 89 3 8 890308 -0.08 -109.99 -3.4 -2.7 . 24.54 25.06
2538 89 3 9 890309 -0.08 -109.99 -2.6 -2.9 . 24.64 25.13
2539 89 3 10 890310 -0.08 -109.99 -3.9 -1.8 . 24.95 25.17
2540 89 3 11 890311 -0.08 -109.99 -3 -2.7 . 24.85 24.92
2541 89 3 12 890312 -0.08 -109.99 -4.7 -1.6 . 24.8 24.75
2542 89 3 13 890313 -0.08 -109.99 -4 -1.2 . 24.63 24.74
2543 89 3 14 890314 -0.08 -109.99 -3.3 -1.8 . 24.44 24.58
2544 89 3 15 890315 -0.09 -109.99 -1.7 -2.1 . 24.35 24.67
2545 89 3 16 890316 -0.08 -109.99 -1.8 -3.2 . 24.4 24.5
2546 89 3 17 890317 -0.08 -109.99 -2.1 -0.9 . 24.01 24.04
2547 89 3 18 890318 -0.08 -109.99 -2 -1.2 . 24.02 24.28
2548 89 3 19 890319 -0.08 -109.99 -2.6 -1.2 . 24.38 24.5
2549 89 3 20 890320 -0.08 -109.99 -2.1 -1.1 . 24.54 24.65
2550 89 3 21 890321 -0.09 -109.98 -1.8 -0.7 . 25.17 25.34
2551 89 3 22 890322 -0.08 -109.99 -3.7 0 . 24.99 25.3
2552 89 3 23 890323 -0.08 -109.99 -3.2 -1.4 . 24.78 25.14
2553 89 3 24 890324 -0.08 -109.99 -2.4 -1.4 . 24.87 25.42
2554 89 3 25 890325 -0.08 -109.99 -2.8 -1.5 . 25.03 25.34
2555 89 3 26 890326 -0.08 -109.99 -3.8 -1.6 . 24.86 25.09
2556 89 3 27 890327 -0.08 -109.99 -3.5 -0.9 . 24.88 25.15
2557 89 3 28 890328 -0.08 -109.98 -4.3 0.1 . 24.72 24.91
2558 89 3 29 890329 -0.07 -109.98 -3.3 0.9 . 24.6 24.83
2559 89 3 30 890330 -0.07 -109.98 -0.7 1 . 24.89 24.99
2560 89 3 31 890331 -0.07 -109.98 -0.8 -2.2 . 25.13 25.39
2561 89 4 1 890401 -0.07 -109.98 -1.9 -3.3 . 24.02 24.28
2562 89 4 2 890402 -0.07 -109.98 -2 -0.9 . 24.16 24.23
2563 89 4 3 890403 -0.07 -109.98 -2.7 0.2 . 24.37 24.37
2564 89 4 4 890404 -0.07 -109.98 -0.9 0.3 . 24.23 24.27
2565 89 4 5 890405 -0.07 -109.98 -1.6 -0.6 . 24.67 24.78
2566 89 4 6 890406 -0.07 -109.98 -3 -1.9 . 24.2 24.27
2567 89 4 7 890407 -0.07 -109.98 -1.7 -0.4 . 24.18 24.35
2568 89 4 8 890408 -0.07 -109.98 -1.3 1.1 . 24.59 24.83
2569 89 4 9 890409 -0.08 -109.98 -0.5 -0.9 . 24.7 24.96
2570 89 4 10 890410 -0.07 -109.98 -0.4 -0.4 . 24.97 24.98
2571 89 4 11 890411 -0.08 -109.98 -0.8 -0.4 . 25.43 25.59
2572 89 4 12 890412 -0.08 -109.98 -1.4 -0.4 . 25.44 25.82
2573 89 4 13 890413 -0.08 -109.98 -1.6 0.1 . 25.68 25.63
2574 89 4 14 890414 -0.08 -109.98 -0.4 0.2 . 25.64 25.84
2575 89 4 15 890415 -0.08 -109.98 -3 1.7 . 25.62 25.86
2576 89 4 16 890416 0 -110.15 -2.8 2.2 . 25.19 25.54
2577 89 4 17 890417 0 -110.14 -3.3 -0.2 . 25.36 25.5
2578 89 4 18 890418 0 -110.14 -3.2 -0.7 . 25.35 25.43
2579 89 4 19 890419 0 -110.15 -3.4 0.6 . 25.18 25.36
2580 89 4 20 890420 0 -110.14 -2.7 0 . 25.14 25.3
2581 89 4 21 890421 0 -110.14 -3.1 0.4 . 25.19 25.35
2582 89 4 22 890422 0 -110.14 -3.5 0.2 . 25.2 25.32
2583 89 4 23 890423 0 -110.14 -3 -0.2 . 25.28 25.29
2584 89 4 24 890424 0 -110.15 -3.9 -0.4 . 25.24 25.29
2585 89 4 25 890425 0 -110.14 -4.4 -0.4 . 25.07 25.17
2586 89 4 26 890426 0 -110.14 -4 0.5 . 25.03 25.24
2587 89 4 27 890427 0 -110.14 -3.2 1 . 25.07 25.36
2588 89 4 28 890428 0.01 -110.14 -3.3 1.5 . 25.28 25.47
2589 89 4 29 890429 0.01 -110.14 -4.5 0.9 . 25.34 25.35
2590 89 4 30 890430 0.01 -110.14 -3.3 1.2 . 24.98 25.33
2591 89 5 1 890501 0.01 -110.15 -2.5 4.2 . 25.34 25.36
2592 89 5 2 890502 0 -110.14 -2.4 2.4 . 25.39 25.34
2593 89 5 3 890503 0.01 -110.14 -4.4 0 . 25.2 25.41
2594 89 5 4 890504 0 -110.14 -4.9 -0.1 . 24.9 24.98
2595 89 5 5 890505 0 -110.15 -4.8 0.6 . 24.76 24.76
2596 89 5 6 890506 0 -110.14 -4.1 1.3 . 24.71 24.72
2597 89 5 7 890507 0 -110.14 -3.8 1.2 . 24.68 24.67
2598 89 5 8 890508 0 -110.14 -3.7 0.3 . 24.53 24.67
2599 89 5 9 890509 0 -110.14 -4.9 1.2 . 24.44 24.52
2600 89 5 10 890510 0 -110.14 -5 0.8 . 24.23 24.37
2601 89 5 11 890511 0 -110.14 -4.2 -0.5 . 23.93 24.29
2602 89 5 12 890512 0.01 -110.14 -4.1 0.9 . 23.83 24.34
2603 89 5 13 890513 0.01 -110.14 -4 2.9 . 24.58 24.7
2604 89 5 14 890514 0 -110.15 -2.5 2.4 . 24.96 25.24
2605 89 5 15 890515 0 -110.14 -5.1 0.4 . 24.73 25.39
2606 89 5 16 890516 0 -110.14 -4.8 0.4 . 24.58 24.94
2607 89 5 17 890517 0 -110.14 -3.9 0.8 . 24.48 24.79
2608 89 5 18 890518 0 -110.14 -4.5 0.7 . 24.45 24.9
2609 89 5 19 890519 0 -110.14 -4.6 1.2 . 24.54 24.83
2610 89 5 20 890520 0 -110.14 -5.9 -0.1 . 24.66 24.53
2611 89 5 21 890521 0 -110.14 -4.9 1.9 . 24.52 24.5
2612 89 5 22 890522 0 -110.14 -2.1 3 . 24.8 24.97
2613 89 5 23 890523 0 -110.14 -1.6 4.8 . 25.29 25.3
2614 89 5 24 890524 0 -110.15 -1.7 5.1 . 25.36 25.45
2615 89 5 25 890525 0 -110.14 -2.7 2.3 . 25.33 25.68
2616 89 5 26 890526 0 -110.14 -4.1 1.9 . 25.29 25.76
2617 89 5 27 890527 0 -110.14 -5.4 1.5 . 25.26 25.76
2618 89 5 28 890528 0 -110.14 -5.8 2 . 25.09 25.49
2619 89 5 29 890529 0 -110.14 -5.1 2.7 . 25.1 25.32
2620 89 5 30 890530 0 -110.14 -5.3 3 . 24.89 24.96
2621 89 5 31 890531 0 -110.14 -4.1 4 . 24.6 24.54
2622 89 6 1 890601 0 -110.14 -4.7 2.6 . 24.47 24.64
2623 89 6 2 890602 0 -110.14 -4.3 2.9 . 24.34 24.45
2624 89 6 3 890603 0 -110.15 -3.5 3.5 . 24.24 24.28
2625 89 6 4 890604 0 -110.14 -2.2 3.4 . 24.18 24.28
2626 89 6 5 890605 0 -110.14 -2 3.3 . 24.44 24.36
2627 89 6 6 890606 -0.01 -110.14 -3.6 4.5 . 24.31 24.4
2628 89 6 7 890607 -0.01 -110.14 -3.1 4.5 . 24.39 24.67
2629 89 6 8 890608 0 -110.15 -3.2 4.4 . 24.61 24.98
2630 89 6 9 890609 -0.01 -110.15 -4.1 3 . 24.66 25.12
2631 89 6 10 890610 -0.01 -110.15 -5.4 3 . 24.92 25.37
2632 89 6 11 890611 -0.01 -110.15 -5 4.1 . 25.01 25.6
2633 89 6 12 890612 -0.01 -110.15 -4 5.1 . 25.38 25.85
2634 89 6 13 890613 -0.01 -110.16 -5.4 5.1 . 25.12 25.96
2635 89 6 14 890614 -0.01 -110.16 -5.2 4.6 . 25.1 25.87
2636 89 6 15 890615 -0.01 -110.15 -2.5 4.8 . 24.82 25.61
2637 89 6 16 890616 -0.01 -110.15 -1.7 3.1 . 24.56 25.67
2638 89 6 17 890617 -0.01 -110.15 -2.5 4.3 . 24.72 25.97
2639 89 6 18 890618 0 -110.16 -3.2 4.6 . 24.59 26.08
2640 89 6 19 890619 -0.01 -110.16 -3.9 5.9 . 24.68 26.07
2641 89 6 20 890620 0 -110.16 -3.6 6.5 . 24.67 25.94
2642 89 6 21 890621 0 -110.16 -3.6 6.3 . 24.37 25.33
2643 89 6 22 890622 0 -110.16 -2.9 4.1 . 23.87 24.4
2644 89 6 23 890623 0 -110.16 -4.2 2.4 . 23.65 23.68
2645 89 6 24 890624 0.01 -110.15 -3.1 2.9 . 23.49 23.46
2646 89 6 25 890625 0.01 -110.15 -1.6 4 . 23.5 23.36
2647 89 6 26 890626 0.01 -110.15 -1.2 5.1 . 23.67 23.29
2648 89 6 27 890627 0.01 -110.15 -2.3 3.6 . 23.52 23.24
2649 89 6 28 890628 0.01 -110.15 -4.7 1.8 . 23.24 23.01
2650 89 6 29 890629 0.01 -110.15 -5.2 2.2 . 23.43 23.21
2651 89 6 30 890630 0.01 -110.15 -5.1 2.8 . 23.28 23.01
2652 89 7 1 890701 0.01 -110.15 -4.7 2.6 . 23 22.92
2653 89 7 2 890702 0 -110.15 -4.6 1.9 . 22.78 22.68
2654 89 7 3 890703 0 -110.15 -2.3 1.6 . 22.51 22.43
2655 89 7 4 890704 0 -110.14 -2.6 4.6 . 22.73 22.51
2656 89 7 5 890705 0 -110.14 -2.9 3.8 . 22.72 22.59
2657 89 7 6 890706 0 -110.14 -4.1 4.4 . 22.71 22.83
2658 89 7 7 890707 0 -110.15 -3 3.7 . 22.86 22.92
2659 89 7 8 890708 0 -110.14 -3.8 4 . 23.06 22.92
2660 89 7 9 890709 0 -110.14 -3.9 4.2 . 23 23
2661 89 7 10 890710 0 -110.14 -3.4 5.4 . 23.15 23.19
2662 89 7 11 890711 0 -110.14 -3.5 5.6 . 23.22 23.24
2663 89 7 12 890712 0 -110.14 -4.6 4.8 . 23.11 23.25
2664 89 7 13 890713 0 -110.15 -4.5 2.6 . 22.79 23.06
2665 89 7 14 890714 -0.01 -110.15 -2.1 1.9 . 22.7 22.87
2666 89 7 15 890715 -0.01 -110.15 -3.4 3.3 . 22.66 22.73
2667 89 7 16 890716 0 -110.16 -3.9 5.1 . 22.89 22.94
2668 89 7 17 890717 0 -110.16 -3.4 5.5 . 23.02 23.01
2669 89 7 18 890718 0 -110.16 -3.2 4.1 . 22.89 22.85
2670 89 7 19 890719 0 -110.16 -2.8 3.2 . 22.67 22.65
2671 89 7 20 890720 0.01 -110.15 -3.7 4.4 . 22.62 22.56
2672 89 7 21 890721 0.01 -110.15 -3.9 3.9 . 22.54 22.36
2673 89 7 22 890722 0.01 -110.16 -4.6 3.8 . 22.47 22.34
2674 89 7 23 890723 0.01 -110.15 -4.4 2.7 . 22.17 22.02
2675 89 7 24 890724 0.01 -110.15 -4.6 2.3 . 22 21.99
2676 89 7 25 890725 0.01 -110.15 -3.6 2.2 . 21.97 22.02
2677 89 7 26 890726 0.01 -110.15 -2.3 3.1 . 22.37 22.38
2678 89 7 27 890727 0.01 -110.15 -2.6 3.5 . 22.5 22.49
2679 89 7 28 890728 0.01 -110.15 -2.2 3.6 . 22.55 22.54
2680 89 7 29 890729 0 -110.14 -3.8 3.9 . 22.4 22.57
2681 89 7 30 890730 0 -110.15 -5 3 . 22.23 22.45
2682 89 7 31 890731 0 -110.15 -5.9 2.7 . 21.93 22.19
2683 89 8 1 890801 0 -110.15 -3.8 2.4 . 21.62 21.96
2684 89 8 2 890802 0 -110.15 -2.8 4.5 . 21.97 22.08
2685 89 8 3 890803 0 -110.15 -4.1 4 . 21.8 21.85
2686 89 8 4 890804 0 -110.15 -5.2 2.6 . 21.53 21.57
2687 89 8 5 890805 -0.01 -110.15 -6.4 1 . 21.14 21.26
2688 89 8 6 890806 0 -110.15 -4.8 1.7 . 21.05 21.05
2689 89 8 7 890807 0 -110.14 -2.8 3.3 . 21.28 21.17
2690 89 8 8 890808 0 -110.14 -2.7 3.3 . 21.44 21.4
2691 89 8 9 890809 0 -110.14 -3.4 1.7 . 21.41 21.42
2692 89 8 10 890810 0 -110.15 -3.1 2.1 . 21.5 21.49
2693 89 8 11 890811 0 -110.15 -2 1.2 . 21.52 21.66
2694 89 8 12 890812 0 -110.15 -2.3 2.3 . 21.65 21.73
2695 89 8 13 890813 0 -110.15 -3.9 2.5 . 21.61 21.77
2696 89 8 14 890814 0.02 -110.15 -4.8 1.7 . 21.63 21.75
2697 89 8 15 890815 0 -110.16 -4.9 3.5 . 21.8 21.79
2698 89 8 16 890816 0 -110.16 -5.6 4.3 . 22.6 22.94
2699 89 8 17 890817 0.01 -110.16 -5 4.7 . 22.38 22.88
2700 89 8 18 890818 0 -110.17 -5.2 4.1 . 22.23 22.6
2701 89 8 19 890819 0 -110.17 -5.7 2.3 . 21.86 22.49
2702 89 8 20 890820 -0.01 -110.15 -4.6 2.5 . 21.78 21.89
2703 89 8 21 890821 0 -110.17 -5.1 2.4 . 21.87 22.14
2704 89 8 22 890822 0 -110.16 -6.2 2.6 . 21.63 21.85
2705 89 8 23 890823 0 -110.16 -4.6 1.6 . 21.64 21.84
2706 89 8 24 890824 -0.01 -110.15 -5 1.3 . 21.76 21.93
2707 89 8 25 890825 -0.01 -110.15 -3.5 1.4 . 21.67 21.78
2708 89 8 26 890826 0 -110.15 -2.5 3.3 . 21.7 21.96
2709 89 8 27 890827 0 -110.15 -3.8 4 . 22.15 23.01
2710 89 8 28 890828 0.01 -110.16 -4.3 3.7 . 22.3 22.72
2711 89 8 29 890829 0.01 -110.16 -4.2 2.7 . 21.66 21.65
2712 89 8 30 890830 -0.01 -110.15 -4.6 1.8 . 21.12 21.43
2713 89 8 31 890831 0 -110.15 -4.6 1.7 . 21.06 21.19
2714 89 9 1 890901 -0.01 -110.15 -4.7 1.8 . 20.86 21.28
2715 89 9 2 890902 -0.01 -110.15 -3.5 2.5 . 21.24 21.38
2716 89 9 3 890903 -0.01 -110.15 -4 2.8 . 21.29 21.5
2717 89 9 4 890904 0.01 -110.13 -2.9 3.8 . 21.47 21.5
2718 89 9 5 890905 -0.01 -110.15 -3.7 2.8 . 21.6 21.71
2719 89 9 6 890906 0 -110.14 -4.4 2 . 21.47 21.74
2720 89 9 7 890907 0.01 -110.15 -3.9 2.6 . 21.46 21.71
2721 89 9 8 890908 -0.01 -110.15 -3.8 2.3 . 21.54 21.86
2722 89 9 9 890909 -0.01 -110.15 -4.4 2.2 . 21.29 21.58
2723 89 9 10 890910 -0.01 -110.15 -4.7 2 . 20.94 21.17
2724 89 9 11 890911 -0.01 -110.15 -4.4 2.2 . 20.97 21.18
2725 89 9 12 890912 0.01 -110.15 -4.5 1 . 21.15 21.02
2726 89 9 13 890913 -0.01 -110.15 -4.6 -0.2 . 20.71 20.76
2727 89 9 14 890914 -0.01 -110.15 -4.9 1.3 . 20.6 20.74
2728 89 9 15 890915 -0.01 -110.16 -4 0.8 . 21.4 21.28
2729 89 9 16 890916 0 -110.17 -3.3 2.8 . 21.81 23.11
2730 89 9 17 890917 0 -110.17 -3.6 4.4 . 22.2 23.58
2731 89 9 18 890918 0 -110.16 -4.6 3.4 . 22.08 23.53
2732 89 9 19 890919 0 -110.16 -5.7 2.3 . 21.59 22.5
2733 89 9 20 890920 0.01 -110.16 -4.6 2.4 . 21.21 21.28
2734 89 9 21 890921 0.01 -110.16 -4.7 2.5 . 21.31 21.17
2735 89 9 22 890922 -0.01 -110.15 -4 1.5 . 21.35 21.08
2736 89 9 23 890923 -0.01 -110.15 -4.5 2.5 . 21.35 21.32
2737 89 9 24 890924 0 -110.15 -4.3 2.8 . 21.62 21.49
2738 89 9 25 890925 -0.01 -110.15 -4.6 2.3 . 21.76 21.67
2739 89 9 26 890926 0.01 -110.15 -4.6 2.7 . 22.08 21.87
2740 89 9 27 890927 0.01 -110.15 -3.3 2.5 . 22.1 21.97
2741 89 9 28 890928 -0.01 -110.15 -3.2 2.5 . 22.05 22.07
2742 89 9 29 890929 0 -110.15 -3.8 2.7 . 22.07 22.25
2743 89 9 30 890930 0 -110.14 -3.3 3.4 . 22.57 22.59
2744 89 10 1 891001 -0.01 -110.15 -3.5 3.5 . 22.47 22.64
2745 89 10 2 891002 -0.01 -110.15 -4.8 2.4 . 22.23 22.41
2746 89 10 3 891003 -0.01 -110.15 -4.6 2 . 21.98 22.04
2747 89 10 4 891004 -0.01 -110.15 -3.6 2.2 . 21.92 22.2
2748 89 10 5 891005 -0.01 -110.15 -2.3 4 . 21.99 22.24
2749 89 10 6 891006 0 -110.15 -2.7 4.8 . 22.02 22.05
2750 89 10 7 891007 0 -110.15 -3.8 5.7 . 21.99 21.92
2751 89 10 8 891008 -0.01 -110.15 -3.1 3.9 . 21.97 21.96
2752 89 10 9 891009 -0.01 -110.15 -5.3 2.8 . 21.72 21.86
2753 89 10 10 891010 0.01 -110.14 -3.4 3.1 . 21.77 21.76
2754 89 10 11 891011 -0.01 -110.15 -3.4 2.9 . 21.73 21.83
2755 89 10 12 891012 0 -110.16 -3.9 3.1 . 21.69 21.82
2756 89 10 13 891013 0.01 -110.15 -4.2 3.6 . 21.75 21.63
2757 89 10 14 891014 -0.01 -110.15 -4.3 2.6 . 21.67 21.61
2758 89 10 15 891015 -0.01 -110.15 -4.7 1.8 . 21.51 21.59
2759 89 10 16 891016 0 -110.16 -4.4 2.4 . 21.49 21.61
2760 89 10 17 891017 -0.01 -110.15 -4.2 3.5 . 21.64 21.8
2761 89 10 18 891018 0 -110.17 -5.3 3.3 . 22.02 22.26
2762 89 10 19 891019 0.01 -110.16 -5.7 2.2 . 21.89 22.18
2763 89 10 20 891020 -0.01 -110.15 -5.1 1.7 . 21.8 22.13
2764 89 10 21 891021 -0.01 -110.15 -1.6 3.4 . 21.77 22.16
2765 89 10 22 891022 0.02 -110.14 -3.8 3.5 . 21.82 22.12
2766 89 10 23 891023 0 -110.15 -3.5 4.2 . 22.17 22.13
2767 89 10 24 891024 -0.01 -110.15 -3.2 4.2 . 22.28 22.25
2768 89 10 25 891025 0 -110.15 -4.3 2.2 . 22.02 22.06
2769 89 10 26 891026 0 -110.15 -3.7 3.2 . 21.97 21.88
2770 89 10 27 891027 -0.01 -110.15 -4.4 4.3 . 21.88 21.71
2771 89 10 28 891028 0.01 -110.13 -4.2 3.1 . 21.86 21.67
2772 89 10 29 891029 -0.01 -110.15 -2.5 2.7 . 22.02 21.83
2773 89 10 30 891030 -0.01 -110.15 . . . 21.91 21.78
2774 89 10 31 891031 0 -110.02 . . . 22.06 21.8
2775 89 11 1 891101 0 -110.02 . . . 21.74 21.83
2776 89 11 2 891102 0 -110.02 . . . 21.47 21.72
2777 89 11 3 891103 0 -110.02 . . . 21.98 21.79
2778 89 11 4 891104 0 -110.02 . . . 21.9 21.96
2779 89 11 5 891105 0 -110.02 . . . 21.95 22.01
2780 89 11 6 891106 0 -110.02 . . . 21.8 21.93
2781 89 11 7 891107 0.01 -110.02 . . . 21.89 21.89
2782 89 11 8 891108 0 -110.02 . . . 21.82 21.87
2783 89 11 9 891109 0 -110.02 . . . 21.72 21.93
2784 89 11 10 891110 0 -110.02 . . . 22.04 22.13
2785 89 11 11 891111 0 -110.02 . . . 21.96 22.05
2786 89 11 12 891112 0 -110.02 . . . 21.79 21.78
2787 89 11 13 891113 -0.01 -110.03 . . . 22.12 22.17
2788 89 11 14 891114 -0.01 -110.04 . . . 22.33 22.82
2789 89 11 15 891115 0 -110.04 . . . 22.68 23.32
2790 89 11 16 891116 0 -110.05 . . . 23.07 24.12
2791 89 11 17 891117 0 -110.04 . . . 22.99 24.29
2792 89 11 18 891118 0 -110.04 . . . 22.94 24.39
2793 89 11 19 891119 0 -110.04 . . . 22.58 24.21
2794 89 11 20 891120 0 -110.05 . . . 22.19 23.5
2795 89 11 21 891121 0.01 -110.03 . . . 21.99 22.08
2796 89 11 22 891122 0.01 -110.02 . . . 21.59 21.32
2797 89 11 23 891123 0.01 -110.03 . . . 21.31 21.39
2798 89 11 24 891124 0.01 -110.03 . . . 21.55 21.62
2799 89 11 25 891125 0.01 -110.03 . . . 21.99 21.86
2800 89 11 26 891126 0.01 -110.02 . . . 22.1 22.09
2801 89 11 27 891127 0 -110.02 . . . 22.05 22.31
2802 89 11 28 891128 0.01 -110.03 . . . 22.29 22.28
2803 89 11 29 891129 0.01 -110.02 . . . 22.39 22.11
2804 89 11 30 891130 0 -110.02 . . . 22.25 21.99
2805 89 12 1 891201 0 -110.02 . . . 21.67 21.52
2806 89 12 2 891202 0 -110.02 . . . 21.34 21.31
2807 89 12 3 891203 0 -110.02 . . . 21.46 21.67
2808 89 12 4 891204 0 -110.02 . . . 21.52 21.63
2809 89 12 5 891205 -0.01 -110.03 . . . 21.45 21.81
2810 89 12 6 891206 -0.01 -110.02 . . . 21.8 22.31
2811 89 12 7 891207 0 -110.02 . . . 21.45 21.78
2812 89 12 8 891208 0 -110.02 . . . 21.04 21.54
2813 89 12 9 891209 0 -110.02 . . . 20.8 21.12
2814 89 12 10 891210 0 -110.02 . . . 20.71 20.8
2815 89 12 11 891211 0 -110.02 . . . 20.81 20.78
2816 89 12 12 891212 0 -110.02 . . . 21.03 20.98
2817 89 12 13 891213 0 -110.02 . . . 21.13 21.21
2818 89 12 14 891214 0 -110.02 . . . 21.34 21.42
2819 89 12 15 891215 0 -110.02 . . . 21.55 21.47
2820 89 12 16 891216 0 -110.02 . . . 21.49 21.5
2821 89 12 17 891217 0.01 -110.02 . . . 21.46 21.34
2822 89 12 18 891218 0.01 -110.02 . . . 21.45 21.46
2823 89 12 19 891219 0 -110.02 . . . 21.58 21.66
2824 89 12 20 891220 0 -110.02 . . . 21.93 21.84
2825 89 12 21 891221 0.01 -110.03 . . . 21.95 21.96
2826 89 12 22 891222 0.01 -110.04 . . . 22.42 22.82
2827 89 12 23 891223 0.01 -110.03 . . . 22.46 22.84
2828 89 12 24 891224 0.01 -110.03 . . . 22.47 22.49
2829 89 12 25 891225 0.01 -110.02 . . . 22.21 22.32
2830 89 12 26 891226 0 -110.03 . . . 22.62 22.91
2831 89 12 27 891227 0 -110.03 . . . 22.98 23.27
2832 89 12 28 891228 0 -110.03 . . . 23.17 23.66
2833 89 12 29 891229 0 -110.02 . . . 23.34 24.08
2834 89 12 30 891230 0 -110.02 . . . 23.56 24.07
2835 89 12 31 891231 0 -110.02 . . . 23.36 24.19
2836 90 1 1 900101 0 -110.02 . . . 23.55 24.37
2837 90 1 2 900102 0 -110.02 . . . 23.39 24.06
2838 90 1 3 900103 0.01 -110.02 . . . 23.42 23.85
2839 90 1 4 900104 0.01 -110.02 . . . 23.33 23.78
2840 90 1 5 900105 0.01 -110.02 . . . 23.33 23.6
2841 90 1 6 900106 0 -110.02 . . . 23.21 23.37
2842 90 1 7 900107 0.01 -110.02 . . . 22.96 23.1
2843 90 1 8 900108 0.01 -110.02 . . . 22.96 22.99
2844 90 1 9 900109 0 -110.02 . . . 23.1 23.18
2845 90 1 10 900110 0 -110.02 . . . 23.21 23.4
2846 90 1 11 900111 0 -110.02 . . . 23.32 23.57
2847 90 1 12 900112 0.01 -110.02 . . . 23.57 23.71
2848 90 1 13 900113 0.01 -110.02 . . . 23.7 23.74
2849 90 1 14 900114 0 -110.02 . . . 23.48 23.81
2850 90 1 15 900115 0 -110.02 -3.9 2 . 23.81 23.94
2851 90 1 16 900116 0 -110.02 -5.9 3.4 . 24.03 24.56
2852 90 1 17 900117 0 -110.02 -5.9 3.1 . 24.07 24.45
2853 90 1 18 900118 0 -110.02 -3.5 3.4 . 24.11 24.34
2854 90 1 19 900119 0 -110.02 -2.5 4.7 . 24.3 24.37
2855 90 1 20 900120 0 -110.02 -3.1 3.4 . 24.24 24.42
2856 90 1 21 900121 0 -110.02 -4.8 3.2 . 24.3 24.33
2857 90 1 22 900122 0 -110.02 -4.4 3.8 . 24.35 24.26
2858 90 1 23 900123 0 -110.02 -4.3 3.5 . 24.31 24.25
2859 90 1 24 900124 0 -110.02 -4 2.3 . 24.26 24.33
2860 90 1 25 900125 0 -110.02 -4 3.3 . 24.35 24.33
2861 90 1 26 900126 0 -110.02 -3.7 4.6 . 24.28 24.22
2862 90 1 27 900127 0 -110.02 -3.5 4.1 . 24.47 24.35
2863 90 1 28 900128 0 -110.02 -3.8 4.4 . 24.48 24.4
2864 90 1 29 900129 0 -110.02 -2.6 3.4 . 24.38 24.45
2865 90 1 30 900130 0 -110.02 -3.5 2.4 . 24.51 24.6
2866 90 1 31 900131 -0.01 -110.02 -3.2 2.1 . 24.54 24.66
2867 90 2 1 900201 0 -110.02 -1.9 3.6 . 24.51 24.57
2868 90 2 2 900202 0 -110.02 -1.6 2.6 . 24.52 24.73
2869 90 2 3 900203 0 -110.02 -2.7 3.2 . 24.68 25
2870 90 2 4 900204 0 -110.02 -3.5 3.2 . 24.81 25.19
2871 90 2 5 900205 0.01 -110.02 -3.7 3.8 . 24.93 25.27
2872 90 2 6 900206 0.01 -110.03 -3.8 3.7 . 24.94 25.22
2873 90 2 7 900207 0.01 -110.03 -3.9 3.2 . 24.82 25.12
2874 90 2 8 900208 0.01 -110.03 -3.7 2.1 . 24.78 25.08
2875 90 2 9 900209 0.01 -110.02 -3.9 2 . 24.7 24.94
2876 90 2 10 900210 0 -110.02 -3.3 2.7 . 25.01 24.93
2877 90 2 11 900211 0.01 -110.02 -2.9 2.3 . 25.04 25.01
2878 90 2 12 900212 0 -110.02 -4.3 1.2 . 25.06 25.13
2879 90 2 13 900213 0 -110.03 -3.5 1.4 . 25.13 25.2
2880 90 2 14 900214 0 -110.02 -2.7 1.2 . 25.11 25.31
2881 90 2 15 900215 0 -110.03 -4 1.4 . 24.93 25.25
2882 90 2 16 900216 0 -110.04 -4.9 0.3 . 25.03 25.09
2883 90 2 17 900217 0 -110.04 -3 0.7 . 24.88 25.24
2884 90 2 18 900218 0 -110.04 -1.9 0.6 . 25.17 26.05
2885 90 2 19 900219 0 -110.04 -2.6 1.9 . 25.65 26.1
2886 90 2 20 900220 -0.01 -110.04 -2.2 1.9 . 25.72 26.23
2887 90 2 21 900221 -0.01 -110.04 -3.9 0.5 . 25.82 26.36
2888 90 2 22 900222 0 -110.04 -4.2 2.1 . 25.65 26.29
2889 90 2 23 900223 0 -110.04 -3.7 2.6 . 25.45 26.01
2890 90 2 24 900224 0 -110.04 -3 2.8 . 25.34 25.71
2891 90 2 25 900225 0 -110.03 -4.6 1.1 . 25.15 25.55
2892 90 2 26 900226 0 -110.03 -4.5 0.7 . 25.02 25.13
2893 90 2 27 900227 0.01 -110.03 -3 0.8 . 25.17 25.3
2894 90 2 28 900228 0.01 -110.03 -2.3 2.1 . 25.26 25.65
2895 90 3 1 900301 0.01 -110.02 -0.7 3.2 . 24.52 25.53
2896 90 3 2 900302 0.01 -110.02 -1.9 1.5 . 24.64 25.65
2897 90 3 3 900303 0 -110.02 -2.8 1.8 . 24.97 25.51
2898 90 3 4 900304 0 -110.02 -4.9 1.3 . 24.85 25.32
2899 90 3 5 900305 0 -110.02 -5.9 0.8 . 24.86 25.1
2900 90 3 6 900306 0 -110.02 -4.6 -0.4 . 24.93 25.09
2901 90 3 7 900307 0 -110.02 -3.5 0.4 . 25.02 25.32
2902 90 3 8 900308 0 -110.02 -4.1 2.1 . 25 25.23
2903 90 3 9 900309 0 -110.02 -4.2 -0.1 . 24.91 25.17
2904 90 3 10 900310 0 -110.02 -4.2 -0.7 . 25.07 25.22
2905 90 3 11 900311 0 -110.02 -3.8 -0.5 . 25.31 25.31
2906 90 3 12 900312 0 -110.02 -3.5 -0.1 . 25.45 25.48
2907 90 3 13 900313 0 -110.02 -4.2 0.6 . 25.46 25.65
2908 90 3 14 900314 0 -110.02 -3.5 1.8 . 25.63 25.98
2909 90 3 15 900315 0 -110.02 -1.8 2.6 . 25.72 26.02
2910 90 3 16 900316 0 -110.02 -2.8 0.8 . 25.11 25.6
2911 90 3 17 900317 0 -110.02 -1.5 0.8 . 25.65 25.82
2912 90 3 18 900318 0 -110.02 -1.5 1.7 . 25.63 25.78
2913 90 3 19 900319 0 -110.02 -2.6 1.2 . 25.58 25.79
2914 90 3 20 900320 0 -110.02 -2.8 0.3 . 25.8 25.9
2915 90 3 21 900321 0 -110.02 -2.6 1.4 . 25.9 26.18
2916 90 3 22 900322 -0.01 -110.02 -3.8 1.2 . 26.24 26.65
2917 90 3 23 900323 -0.01 -110.02 -3 2.2 . 26.19 26.75
2918 90 3 24 900324 0 -110.02 -2.5 1.8 . 26.3 26.77
2919 90 3 25 900325 0 -110.02 -3 0.9 . 26.03 26.79
2920 90 3 26 900326 0 -110.02 -3 -0.6 . 26.44 26.68
2921 90 3 27 900327 0 -110.02 -3.7 1.5 . 26.29 26.42
2922 90 3 28 900328 0 -110.02 -2.6 -0.6 . 26.33 26.63
2923 90 3 29 900329 0 -110.02 -1.3 -1.2 . 26.64 27.01
2924 90 3 30 900330 0 -110.02 -2.7 -0.4 . 26.63 26.97
2925 90 3 31 900331 0 -110.02 -1 2.4 . 26.69 27.19
2926 90 4 1 900401 0 -110.02 -3 1 . 26.27 27.14
2927 90 4 2 900402 0 -110.02 -4.1 0.4 . 26.43 26.74
2928 90 4 3 900403 0 -110.02 -2.1 0.9 . 26.35 26.83
2929 90 4 4 900404 0 -110.02 -2 2.7 . 26.49 26.82
2930 90 4 5 900405 0 -110.02 -2.7 2.8 . 26.5 26.74
2931 90 4 6 900406 0 -110.02 -3.3 -0.1 . 26.34 26.76
2932 90 4 7 900407 0 -110.02 -2.5 -0.6 . 26.45 26.97
2933 90 4 8 900408 0 -110.02 -3.3 1.3 . 26.67 27.04
2934 90 4 9 900409 0.01 -110.02 -4.6 1.5 . 26.64 26.88
2935 90 4 10 900410 0.01 -110.02 -3.5 2.1 . 26.67 26.85
2936 90 4 11 900411 0.01 -110.02 -2.3 3.2 . 25.89 26.97
2937 90 4 12 900412 0.01 -110.02 -0.6 -0.8 . 26.73 27.19
2938 90 4 13 900413 0.01 -110.02 -3.6 1.5 . 26.21 27.03
2939 90 4 14 900414 0 -110.02 -3.7 2.3 . 26.56 27.05
2940 90 4 15 900415 0.01 -110.02 -3 2.8 . 26.82 27.1
2941 90 4 16 900416 0 -110.02 -2.8 3.2 . 26.48 26.94
2942 90 4 17 900417 0.01 -110.01 -2.6 2.9 . 26.22 26.81
2943 90 4 18 900418 0 -110.02 -3.6 1.9 . 26.5 26.65
2944 90 4 19 900419 0.01 -110.02 -4.1 1.2 . 26.29 26.56
2945 90 4 20 900420 0.01 -110.02 -3.4 1.6 . 26.57 26.53
2946 90 4 21 900421 0 -110.02 -1.5 3.9 . 25.62 26.63
2947 90 4 22 900422 0 -110.02 -2.2 2.7 . 26.16 26.44
2948 90 4 23 900423 0.01 -110.02 -1.2 3.5 . 25.52 26.57
2949 90 4 24 900424 0.01 -110.02 -2.9 2.3 . 26.11 26.69
2950 90 4 25 900425 0.01 -110.02 -2.9 4 . 26.49 26.81
2951 90 4 26 900426 0 -110.02 -1.6 1.9 . 26.26 26.77
2952 90 4 27 900427 0 -110.02 -4 0.6 . 26.41 26.72
2953 90 4 28 900428 0 -110.02 -4.7 1.3 . 26.25 26.49
2954 90 4 29 900429 0 -110.02 -5.3 3 . 26.25 26.38
2955 90 4 30 900430 0 -110.02 -3.6 3.4 . 26.36 26.51
2956 90 5 1 900501 0 -110.02 -4.6 2.9 . 26.29 26.53
2957 90 5 2 900502 0 -110.02 -2.1 2.3 . 26.12 26.57
2958 90 5 3 900503 0.01 -110.02 -1.9 3.8 . 26.29 26.46
2959 90 5 4 900504 0 -110.02 -3.6 3.1 . 26.09 26.07
2960 90 5 5 900505 0.01 -110.02 -3.3 2.5 . 26.14 26.27
2961 90 5 6 900506 0 -110.02 -2.6 2.5 . 25.89 26.26
2962 90 5 7 900507 0 -110.02 -3.6 2.5 . 25.96 26.08
2963 90 5 8 900508 0 -110.02 -4.8 2.8 . 25.91 25.93
2964 90 5 9 900509 0 -110.03 -5 2.3 . 25.94 26.06
2965 90 5 10 900510 0 -110.02 -3.6 2.1 . 25.93 26.12
2966 90 5 11 900511 0 -110.02 -0.9 1.7 . 25.75 26.42
2967 90 5 12 900512 0 -110.02 -2.8 3.6 . 26.15 26.44
2968 90 5 13 900513 0 -110.02 -3.7 3.8 . 26.2 26.35
2969 90 5 14 900514 0 -110.02 -4.5 4.2 . 26.23 26.15
2970 90 5 15 900515 0 -110.06 -3.2 6 . 27.59 26.03
2971 90 5 16 900516 0 -110.06 -1.5 5.1 . . 26.02
2972 90 5 17 900517 0 -110.06 -3.8 5.1 . . 25.93
2973 90 5 18 900518 0 -110.06 -3.2 5.2 . . 25.69
2974 90 5 19 900519 0 -110.07 -0.9 5.6 . . 25.56
2975 90 5 20 900520 0 -110.06 -2.6 3.5 . . 25.6
2976 90 5 21 900521 0 -110.06 -3.9 1.2 . . 25.72
2977 90 5 22 900522 0 -110.06 -4.5 3 . . 25.74
2978 90 5 23 900523 0 -110.06 -3.2 4 . . 25.85
2979 90 5 24 900524 0 -110.06 -3.9 2.7 . . 25.92
2980 90 5 25 900525 0 -110.07 -4.6 3.8 . . 25.94
2981 90 5 26 900526 0 -110.06 -4.7 4 . . 26.25
2982 90 5 27 900527 0 -110.06 -3.9 5.9 . . 26.38
2983 90 5 28 900528 0 -110.06 -4.6 5.9 . . 26.32
2984 90 5 29 900529 0 -110.06 -4.7 4.1 . . 26.22
2985 90 5 30 900530 0 -110.06 -4.7 2.5 . . 26.24
2986 90 5 31 900531 -0.01 -110.06 -4.9 3.8 . . 26.28
2987 90 6 1 900601 -0.01 -110.06 -4.8 4.7 . . 26.06
2988 90 6 2 900602 0 -110.07 -4.8 4.1 . . 25.6
2989 90 6 3 900603 0 -110.07 -5.1 3.2 . . 25.2
2990 90 6 4 900604 0 -110.06 -4.8 3.7 . . 25.32
2991 90 6 5 900605 0 -110.06 -5 3.4 . . 25.54
2992 90 6 6 900606 -0.01 -110.07 -5.3 4.2 . . 25.75
2993 90 6 7 900607 0.01 -110.07 -5 2.1 . . 25.4
2994 90 6 8 900608 0.01 -110.07 -3.7 2.7 . . 24.88
2995 90 6 9 900609 0 -110.07 -4.3 3.3 . . 24.81
2996 90 6 10 900610 0.01 -110.07 -5.2 3 . . 24.64
2997 90 6 11 900611 0.01 -110.08 -5.6 2.6 . . 24.79
2998 90 6 12 900612 0 -110.08 -6 3.4 . . 24.88
2999 90 6 13 900613 0 -110.07 -6.1 1.2 . . 24.53
3000 90 6 14 900614 -0.01 -110.08 -3.4 2.9 . . 24.4
3001 90 6 15 900615 0 -110.08 -3.1 5 . . 25.68
3002 90 6 16 900616 0 -110.09 -4.4 4.8 . . 26.24
3003 90 6 17 900617 0 -110.08 -5.2 4.8 . . 26.87
3004 90 6 18 900618 0 -110.08 -7.3 4 . . 26.95
3005 90 6 19 900619 -0.01 -110.08 -9 2.1 . . 26.86
3006 90 6 20 900620 -0.01 -110.08 -7.6 4.1 . . 26.68
3007 90 6 21 900621 0 -110.08 -6.3 4.4 . . 26.1
3008 90 6 22 900622 -0.01 -110.08 -2.8 5.2 . . 25.13
3009 90 6 23 900623 0 -110.07 -2.8 4.6 . . 24.35
3010 90 6 24 900624 0 -110.07 -3.4 2.3 . . 23.72
3011 90 6 25 900625 0 -110.07 -3 1.6 . . 23.16
3012 90 6 26 900626 0.01 -110.07 -3.8 1.8 . . 23.18
3013 90 6 27 900627 0.01 -110.07 -3.7 3.9 . . 23.23
3014 90 6 28 900628 0 -110.06 -2.6 4.5 . . 23.54
3015 90 6 29 900629 0.01 -110.06 -3.8 3.9 . . 23.56
3016 90 6 30 900630 0 -110.07 -4.9 2 . . 23.55
3017 90 7 1 900701 0 -110.06 -5.7 1.8 . . 23.33
3018 90 7 2 900702 0 -110.06 -4 2.7 . . 23.22
